{
  "nbformat": 4,
  "nbformat_minor": 0,
  "metadata": {
    "colab": {
      "provenance": [],
      "authorship_tag": "ABX9TyO25jsAwWD9aoeXZEUmd8g2",
      "include_colab_link": true
    },
    "kernelspec": {
      "name": "python3",
      "display_name": "Python 3"
    },
    "language_info": {
      "name": "python"
    }
  },
  "cells": [
    {
      "cell_type": "markdown",
      "metadata": {
        "id": "view-in-github",
        "colab_type": "text"
      },
      "source": [
        "<a href=\"https://colab.research.google.com/github/armandoordonez/eda_couse/blob/main/Basic_Estimators.ipynb\" target=\"_parent\"><img src=\"https://colab.research.google.com/assets/colab-badge.svg\" alt=\"Open In Colab\"/></a>"
      ]
    },
    {
      "cell_type": "code",
      "source": [
        "from sklearn.base import TransformerMixin\n",
        "from sklearn.base import BaseEstimator\n",
        "from sklearn.datasets import load_iris\n",
        "from sklearn.linear_model import LogisticRegression\n",
        "from sklearn.pipeline import make_pipeline\n",
        "\n",
        "\n",
        "class MyOwnTransformer(BaseEstimator, TransformerMixin):\n",
        "    def fit(self, X, y=None):\n",
        "        return self\n",
        "    def transform(self, X):\n",
        "        return X\n",
        "\n",
        "myot = MyOwnTransformer()"
      ],
      "metadata": {
        "id": "r98qveUAHydl"
      },
      "execution_count": 13,
      "outputs": []
    },
    {
      "cell_type": "code",
      "source": [
        "X, y = load_iris(return_X_y=True)\n",
        "myot.transform(X) "
      ],
      "metadata": {
        "id": "h9tUDAafI4JM"
      },
      "execution_count": null,
      "outputs": []
    },
    {
      "cell_type": "code",
      "source": [
        "\n",
        "pipe = make_pipeline(MyOwnTransformer(), LogisticRegression(random_state=10, solver='lbfgs',max_iter=1000))\n",
        " "
      ],
      "metadata": {
        "colab": {
          "base_uri": "https://localhost:8080/"
        },
        "id": "L6lQk4xmHy8K",
        "outputId": "1f588cd4-c202-4ea8-e339-638a36c3ee0d"
      },
      "execution_count": 14,
      "outputs": [
        {
          "output_type": "execute_result",
          "data": {
            "text/plain": [
              "array([[5.1, 3.5, 1.4, 0.2],\n",
              "       [4.9, 3. , 1.4, 0.2],\n",
              "       [4.7, 3.2, 1.3, 0.2],\n",
              "       [4.6, 3.1, 1.5, 0.2],\n",
              "       [5. , 3.6, 1.4, 0.2],\n",
              "       [5.4, 3.9, 1.7, 0.4],\n",
              "       [4.6, 3.4, 1.4, 0.3],\n",
              "       [5. , 3.4, 1.5, 0.2],\n",
              "       [4.4, 2.9, 1.4, 0.2],\n",
              "       [4.9, 3.1, 1.5, 0.1],\n",
              "       [5.4, 3.7, 1.5, 0.2],\n",
              "       [4.8, 3.4, 1.6, 0.2],\n",
              "       [4.8, 3. , 1.4, 0.1],\n",
              "       [4.3, 3. , 1.1, 0.1],\n",
              "       [5.8, 4. , 1.2, 0.2],\n",
              "       [5.7, 4.4, 1.5, 0.4],\n",
              "       [5.4, 3.9, 1.3, 0.4],\n",
              "       [5.1, 3.5, 1.4, 0.3],\n",
              "       [5.7, 3.8, 1.7, 0.3],\n",
              "       [5.1, 3.8, 1.5, 0.3],\n",
              "       [5.4, 3.4, 1.7, 0.2],\n",
              "       [5.1, 3.7, 1.5, 0.4],\n",
              "       [4.6, 3.6, 1. , 0.2],\n",
              "       [5.1, 3.3, 1.7, 0.5],\n",
              "       [4.8, 3.4, 1.9, 0.2],\n",
              "       [5. , 3. , 1.6, 0.2],\n",
              "       [5. , 3.4, 1.6, 0.4],\n",
              "       [5.2, 3.5, 1.5, 0.2],\n",
              "       [5.2, 3.4, 1.4, 0.2],\n",
              "       [4.7, 3.2, 1.6, 0.2],\n",
              "       [4.8, 3.1, 1.6, 0.2],\n",
              "       [5.4, 3.4, 1.5, 0.4],\n",
              "       [5.2, 4.1, 1.5, 0.1],\n",
              "       [5.5, 4.2, 1.4, 0.2],\n",
              "       [4.9, 3.1, 1.5, 0.2],\n",
              "       [5. , 3.2, 1.2, 0.2],\n",
              "       [5.5, 3.5, 1.3, 0.2],\n",
              "       [4.9, 3.6, 1.4, 0.1],\n",
              "       [4.4, 3. , 1.3, 0.2],\n",
              "       [5.1, 3.4, 1.5, 0.2],\n",
              "       [5. , 3.5, 1.3, 0.3],\n",
              "       [4.5, 2.3, 1.3, 0.3],\n",
              "       [4.4, 3.2, 1.3, 0.2],\n",
              "       [5. , 3.5, 1.6, 0.6],\n",
              "       [5.1, 3.8, 1.9, 0.4],\n",
              "       [4.8, 3. , 1.4, 0.3],\n",
              "       [5.1, 3.8, 1.6, 0.2],\n",
              "       [4.6, 3.2, 1.4, 0.2],\n",
              "       [5.3, 3.7, 1.5, 0.2],\n",
              "       [5. , 3.3, 1.4, 0.2],\n",
              "       [7. , 3.2, 4.7, 1.4],\n",
              "       [6.4, 3.2, 4.5, 1.5],\n",
              "       [6.9, 3.1, 4.9, 1.5],\n",
              "       [5.5, 2.3, 4. , 1.3],\n",
              "       [6.5, 2.8, 4.6, 1.5],\n",
              "       [5.7, 2.8, 4.5, 1.3],\n",
              "       [6.3, 3.3, 4.7, 1.6],\n",
              "       [4.9, 2.4, 3.3, 1. ],\n",
              "       [6.6, 2.9, 4.6, 1.3],\n",
              "       [5.2, 2.7, 3.9, 1.4],\n",
              "       [5. , 2. , 3.5, 1. ],\n",
              "       [5.9, 3. , 4.2, 1.5],\n",
              "       [6. , 2.2, 4. , 1. ],\n",
              "       [6.1, 2.9, 4.7, 1.4],\n",
              "       [5.6, 2.9, 3.6, 1.3],\n",
              "       [6.7, 3.1, 4.4, 1.4],\n",
              "       [5.6, 3. , 4.5, 1.5],\n",
              "       [5.8, 2.7, 4.1, 1. ],\n",
              "       [6.2, 2.2, 4.5, 1.5],\n",
              "       [5.6, 2.5, 3.9, 1.1],\n",
              "       [5.9, 3.2, 4.8, 1.8],\n",
              "       [6.1, 2.8, 4. , 1.3],\n",
              "       [6.3, 2.5, 4.9, 1.5],\n",
              "       [6.1, 2.8, 4.7, 1.2],\n",
              "       [6.4, 2.9, 4.3, 1.3],\n",
              "       [6.6, 3. , 4.4, 1.4],\n",
              "       [6.8, 2.8, 4.8, 1.4],\n",
              "       [6.7, 3. , 5. , 1.7],\n",
              "       [6. , 2.9, 4.5, 1.5],\n",
              "       [5.7, 2.6, 3.5, 1. ],\n",
              "       [5.5, 2.4, 3.8, 1.1],\n",
              "       [5.5, 2.4, 3.7, 1. ],\n",
              "       [5.8, 2.7, 3.9, 1.2],\n",
              "       [6. , 2.7, 5.1, 1.6],\n",
              "       [5.4, 3. , 4.5, 1.5],\n",
              "       [6. , 3.4, 4.5, 1.6],\n",
              "       [6.7, 3.1, 4.7, 1.5],\n",
              "       [6.3, 2.3, 4.4, 1.3],\n",
              "       [5.6, 3. , 4.1, 1.3],\n",
              "       [5.5, 2.5, 4. , 1.3],\n",
              "       [5.5, 2.6, 4.4, 1.2],\n",
              "       [6.1, 3. , 4.6, 1.4],\n",
              "       [5.8, 2.6, 4. , 1.2],\n",
              "       [5. , 2.3, 3.3, 1. ],\n",
              "       [5.6, 2.7, 4.2, 1.3],\n",
              "       [5.7, 3. , 4.2, 1.2],\n",
              "       [5.7, 2.9, 4.2, 1.3],\n",
              "       [6.2, 2.9, 4.3, 1.3],\n",
              "       [5.1, 2.5, 3. , 1.1],\n",
              "       [5.7, 2.8, 4.1, 1.3],\n",
              "       [6.3, 3.3, 6. , 2.5],\n",
              "       [5.8, 2.7, 5.1, 1.9],\n",
              "       [7.1, 3. , 5.9, 2.1],\n",
              "       [6.3, 2.9, 5.6, 1.8],\n",
              "       [6.5, 3. , 5.8, 2.2],\n",
              "       [7.6, 3. , 6.6, 2.1],\n",
              "       [4.9, 2.5, 4.5, 1.7],\n",
              "       [7.3, 2.9, 6.3, 1.8],\n",
              "       [6.7, 2.5, 5.8, 1.8],\n",
              "       [7.2, 3.6, 6.1, 2.5],\n",
              "       [6.5, 3.2, 5.1, 2. ],\n",
              "       [6.4, 2.7, 5.3, 1.9],\n",
              "       [6.8, 3. , 5.5, 2.1],\n",
              "       [5.7, 2.5, 5. , 2. ],\n",
              "       [5.8, 2.8, 5.1, 2.4],\n",
              "       [6.4, 3.2, 5.3, 2.3],\n",
              "       [6.5, 3. , 5.5, 1.8],\n",
              "       [7.7, 3.8, 6.7, 2.2],\n",
              "       [7.7, 2.6, 6.9, 2.3],\n",
              "       [6. , 2.2, 5. , 1.5],\n",
              "       [6.9, 3.2, 5.7, 2.3],\n",
              "       [5.6, 2.8, 4.9, 2. ],\n",
              "       [7.7, 2.8, 6.7, 2. ],\n",
              "       [6.3, 2.7, 4.9, 1.8],\n",
              "       [6.7, 3.3, 5.7, 2.1],\n",
              "       [7.2, 3.2, 6. , 1.8],\n",
              "       [6.2, 2.8, 4.8, 1.8],\n",
              "       [6.1, 3. , 4.9, 1.8],\n",
              "       [6.4, 2.8, 5.6, 2.1],\n",
              "       [7.2, 3. , 5.8, 1.6],\n",
              "       [7.4, 2.8, 6.1, 1.9],\n",
              "       [7.9, 3.8, 6.4, 2. ],\n",
              "       [6.4, 2.8, 5.6, 2.2],\n",
              "       [6.3, 2.8, 5.1, 1.5],\n",
              "       [6.1, 2.6, 5.6, 1.4],\n",
              "       [7.7, 3. , 6.1, 2.3],\n",
              "       [6.3, 3.4, 5.6, 2.4],\n",
              "       [6.4, 3.1, 5.5, 1.8],\n",
              "       [6. , 3. , 4.8, 1.8],\n",
              "       [6.9, 3.1, 5.4, 2.1],\n",
              "       [6.7, 3.1, 5.6, 2.4],\n",
              "       [6.9, 3.1, 5.1, 2.3],\n",
              "       [5.8, 2.7, 5.1, 1.9],\n",
              "       [6.8, 3.2, 5.9, 2.3],\n",
              "       [6.7, 3.3, 5.7, 2.5],\n",
              "       [6.7, 3. , 5.2, 2.3],\n",
              "       [6.3, 2.5, 5. , 1.9],\n",
              "       [6.5, 3. , 5.2, 2. ],\n",
              "       [6.2, 3.4, 5.4, 2.3],\n",
              "       [5.9, 3. , 5.1, 1.8]])"
            ]
          },
          "metadata": {},
          "execution_count": 14
        }
      ]
    },
    {
      "cell_type": "code",
      "source": [
        "pipe.predict(X)  \n"
      ],
      "metadata": {
        "id": "gcfpgqejGz1c"
      },
      "execution_count": null,
      "outputs": []
    },
    {
      "cell_type": "code",
      "source": [
        "from sklearn.base import TransformerMixin\n",
        "from sklearn.base import BaseEstimator\n",
        "from sklearn.base import RegressorMixin\n",
        "from sklearn.datasets import load_iris\n",
        "from sklearn.linear_model import LogisticRegression\n",
        "from sklearn.pipeline import make_pipeline\n",
        "\n",
        "import numpy as np\n",
        "\n",
        "class MyOwnRegressor(BaseEstimator, RegressorMixin):\n",
        "    def fit(self, X, y):\n",
        "        return self\n",
        "    def predict(self, X):\n",
        "        return np.mean(X, axis=1)"
      ],
      "metadata": {
        "id": "lj2S0TvsG2SJ"
      },
      "execution_count": 16,
      "outputs": []
    },
    {
      "cell_type": "code",
      "source": [
        "from sklearn.datasets import load_diabetes\n",
        "\n",
        "\n",
        "X, y = load_diabetes(return_X_y=True)\n",
        "\n",
        "pipe = make_pipeline(MyOwnTransformer(), MyOwnRegressor())\n",
        "pipe.fit(X, y)  \n"
      ],
      "metadata": {
        "colab": {
          "base_uri": "https://localhost:8080/"
        },
        "id": "WL9riKnUKn56",
        "outputId": "17286cac-ea56-4e91-8e95-6164217dfabc"
      },
      "execution_count": 17,
      "outputs": [
        {
          "output_type": "execute_result",
          "data": {
            "text/plain": [
              "Pipeline(steps=[('myowntransformer', MyOwnTransformer()),\n",
              "                ('myownregressor', MyOwnRegressor())])"
            ]
          },
          "metadata": {},
          "execution_count": 17
        }
      ]
    },
    {
      "cell_type": "code",
      "source": [
        "pipe.predict(X)  \n"
      ],
      "metadata": {
        "colab": {
          "base_uri": "https://localhost:8080/"
        },
        "id": "1trMtUwnK9Ep",
        "outputId": "cef70a2c-0548-4496-fff9-f4ac6b6b5ef8"
      },
      "execution_count": 18,
      "outputs": [
        {
          "output_type": "execute_result",
          "data": {
            "text/plain": [
              "array([ 4.95495135e-03, -2.77553225e-02,  3.69509479e-03, -1.33173475e-02,\n",
              "       -1.07322419e-02, -5.18397864e-02, -2.62834231e-02,  3.86272696e-02,\n",
              "        7.13601945e-03, -1.30130115e-02, -5.98097614e-02, -4.87315957e-03,\n",
              "       -1.48189099e-02,  6.16239115e-03, -8.51760901e-03,  3.19136466e-02,\n",
              "        1.57383528e-02,  2.94368433e-02, -2.53873858e-02, -2.10159471e-02,\n",
              "       -3.18151715e-02, -2.33380378e-02, -2.29718695e-02,  4.55023173e-02,\n",
              "       -2.34701457e-02, -1.18886337e-02, -5.39000598e-02, -1.38638642e-02,\n",
              "       -2.67205855e-02,  1.24185650e-02, -1.50151977e-02, -4.03884229e-02,\n",
              "        2.06405750e-02, -1.73470330e-02, -4.14075501e-02,  1.85332429e-02,\n",
              "        5.01600480e-03, -1.65430288e-02,  5.26183537e-02,  3.02657474e-04,\n",
              "        3.13694636e-02, -5.51624756e-02, -1.94368651e-02, -3.57954358e-03,\n",
              "        1.69678050e-02, -1.35414972e-03, -3.71529852e-02, -5.78078677e-02,\n",
              "        1.65562706e-03,  3.13810990e-03, -1.40628247e-02,  2.96302984e-03,\n",
              "       -3.57248948e-03,  6.30322734e-03, -4.35062345e-03, -2.15455741e-02,\n",
              "       -1.50952217e-02, -5.27260758e-02, -2.41080182e-03,  2.98740205e-02,\n",
              "       -4.14279677e-02, -6.47157617e-03, -1.37173389e-02, -2.32307637e-02,\n",
              "       -1.21493671e-02,  1.35303307e-02, -1.62876677e-05,  3.84719150e-03,\n",
              "       -6.13526030e-03, -3.02634193e-02, -1.29545502e-02,  2.38035044e-02,\n",
              "        3.69630716e-02,  1.45607805e-02,  2.45509199e-02, -1.77687143e-03,\n",
              "       -2.33218087e-02, -4.17374997e-02, -3.54088988e-02, -2.74514575e-02,\n",
              "        2.75519997e-02,  5.62741521e-03, -1.61994174e-02, -3.40471746e-02,\n",
              "       -4.45693164e-02, -7.41763370e-03, -3.74660291e-02,  1.46907433e-02,\n",
              "       -1.46332177e-02, -1.51625140e-02, -2.32399153e-02,  2.07593319e-02,\n",
              "        6.98580978e-03, -3.50625762e-02, -2.68214953e-02, -3.79436091e-02,\n",
              "        2.33455251e-02,  1.38298052e-02, -9.92051132e-03, -5.73252056e-03,\n",
              "        1.34808666e-02,  1.24903916e-02, -5.28170044e-03,  2.32403031e-02,\n",
              "       -1.92504771e-02, -5.92669442e-03, -5.15939626e-02, -4.84849670e-03,\n",
              "        6.81343495e-03,  1.96774107e-02, -1.72309569e-02, -5.57438087e-03,\n",
              "       -1.36757890e-02,  3.07224255e-02,  2.51591276e-02,  2.77188658e-02,\n",
              "        3.25280933e-02,  3.96861632e-02,  1.44441741e-02, -9.04655596e-03,\n",
              "       -2.15330990e-02,  1.17377309e-02,  4.08419487e-02,  6.53532198e-02,\n",
              "       -1.37693091e-02, -1.31079027e-03, -5.14965431e-02,  6.95289037e-03,\n",
              "       -3.08233883e-02,  1.69130824e-02,  2.67024490e-02, -4.59218716e-02,\n",
              "        1.27661783e-02, -3.85384349e-02, -1.46468415e-02, -4.89811364e-03,\n",
              "       -5.21083802e-02,  7.08801004e-03,  2.85229547e-02,  2.81918843e-03,\n",
              "        5.36616060e-03,  2.46769309e-02,  2.89234323e-02, -1.01910118e-02,\n",
              "        2.09712031e-02, -5.50697264e-03,  1.37188028e-02,  7.40440158e-03,\n",
              "        5.64728084e-03, -6.68674148e-03, -3.80270495e-03, -9.45410287e-03,\n",
              "        3.34837933e-02,  8.38324638e-03,  1.85784144e-02,  4.22735904e-02,\n",
              "       -2.26737716e-02,  1.15758713e-02, -2.66270154e-02,  1.09370526e-02,\n",
              "       -3.44857200e-02,  6.33903536e-02, -2.13710392e-02,  2.41752691e-02,\n",
              "        8.21804910e-03, -3.41164445e-02, -4.97742212e-02,  3.43952096e-02,\n",
              "        4.80956593e-02,  1.96507708e-02, -1.05580750e-02, -5.00306692e-02,\n",
              "        4.02125016e-02, -3.59116993e-02, -2.12730935e-02, -1.55994786e-02,\n",
              "        2.23024617e-02,  1.70510584e-02, -4.40236510e-03, -3.94423448e-03,\n",
              "        4.98302602e-03, -5.49750114e-03,  3.49330653e-02,  1.77573410e-02,\n",
              "       -4.39429304e-03, -5.95807614e-03,  1.36771710e-02, -5.70135040e-02,\n",
              "        1.83508644e-02, -1.48734291e-02, -3.73114087e-03, -2.67290594e-02,\n",
              "        3.01524510e-03,  2.34874743e-02, -2.63345831e-02,  2.18524182e-02,\n",
              "       -6.54209011e-03,  2.07556248e-02, -3.45265135e-02,  1.34974387e-02,\n",
              "        9.76431748e-03, -1.00333887e-02,  4.94707322e-02,  3.13225121e-02,\n",
              "        2.28773469e-02, -4.20163753e-03,  1.57974348e-02,  1.06402322e-02,\n",
              "        2.81970885e-02,  1.93096741e-04,  3.46228546e-03, -1.79320588e-03,\n",
              "        1.92487755e-02, -1.67469212e-02, -2.65273685e-02,  3.00180006e-02,\n",
              "        4.46264655e-02,  3.36870518e-02, -1.98988927e-02, -3.95716583e-02,\n",
              "       -2.49333863e-02, -2.41593649e-02, -9.76169063e-03, -4.46992275e-02,\n",
              "       -4.25931859e-02,  1.11034563e-02, -2.79082135e-02,  1.22030734e-02,\n",
              "       -2.31601157e-02, -2.95718574e-03,  5.28697349e-02, -5.32651479e-04,\n",
              "        2.21608010e-02, -1.04281011e-02,  1.85073543e-02,  6.22970486e-03,\n",
              "        2.77065916e-02, -1.69235022e-02,  7.57776639e-03,  2.83968723e-02,\n",
              "        2.73032929e-02,  1.47624457e-02, -4.60585464e-02, -1.16170731e-02,\n",
              "       -1.39082793e-02, -4.40869080e-02,  6.57132367e-03, -3.36041702e-02,\n",
              "        4.64088989e-02,  2.27492625e-02,  1.76150421e-02,  4.67532432e-02,\n",
              "        1.47721218e-03,  3.08392277e-02,  4.97098049e-02, -1.34910358e-02,\n",
              "       -2.16294293e-04, -8.08198743e-03,  1.52753602e-02, -8.53221586e-03,\n",
              "       -1.14473072e-02,  1.80587401e-02,  3.44046102e-02, -3.52590921e-02,\n",
              "       -1.09791707e-02,  1.94556764e-03, -1.35800485e-02,  1.74579993e-02,\n",
              "        4.54087164e-02, -2.95235822e-03,  8.57994170e-03,  2.30560223e-03,\n",
              "       -3.93032590e-02,  4.35492052e-02, -1.29938524e-03,  6.39434215e-03,\n",
              "        3.70590644e-02, -2.84159699e-02,  2.22353573e-03, -4.97332287e-03,\n",
              "        1.60899857e-02, -2.27060906e-02,  2.71266512e-02, -3.46137835e-02,\n",
              "       -1.29082495e-02,  3.48811534e-03, -2.95363876e-02,  3.09420252e-02,\n",
              "        1.73627562e-02,  1.52752948e-02,  2.84967963e-02,  2.20616864e-02,\n",
              "       -3.02468975e-02, -1.40778188e-04, -1.04608252e-02, -2.99920888e-03,\n",
              "       -2.50406687e-02, -3.33299703e-02, -2.92862193e-02, -4.25134204e-03,\n",
              "        5.84139106e-03,  1.76901785e-02,  1.57343070e-02,  3.08863866e-02,\n",
              "        2.95471318e-02, -7.42793313e-03, -8.32377954e-03,  2.62464335e-02,\n",
              "       -4.42167237e-02,  3.30140231e-02,  6.45401580e-03,  1.91455127e-02,\n",
              "       -2.75800826e-02,  3.47150182e-02, -1.07313113e-02, -5.31260665e-03,\n",
              "        1.79540602e-02,  2.57891323e-02,  1.80486489e-02,  6.67745784e-03,\n",
              "        2.20510771e-02,  4.98713314e-02,  4.65704618e-02,  4.59080535e-02,\n",
              "        3.09903202e-02,  2.45069709e-02,  1.01006837e-02,  2.33357163e-02,\n",
              "       -1.23566716e-02, -6.98817291e-03,  1.64175755e-02, -1.35402050e-02,\n",
              "        2.14887825e-02,  1.19620118e-02, -3.72709334e-02, -1.92104470e-02,\n",
              "        3.82481084e-02,  1.26971983e-02, -2.58571830e-02,  1.47183136e-02,\n",
              "       -4.25995302e-03,  9.89301433e-03,  1.61247687e-02,  4.77712592e-04,\n",
              "       -9.24574723e-03,  2.18848908e-02,  4.88895679e-02, -6.53461476e-03,\n",
              "       -4.69193475e-03, -3.89582405e-02,  3.86853858e-02, -4.05990949e-02,\n",
              "       -2.20298556e-02,  7.41182142e-03,  4.63494463e-02, -1.15757874e-02,\n",
              "       -7.07425355e-03, -1.74009096e-03, -3.85478948e-02,  2.35961578e-02,\n",
              "        3.15672974e-03, -1.45018831e-02,  1.99298074e-02, -1.04644536e-02,\n",
              "        1.29652238e-02,  7.37550960e-03,  3.46775206e-02,  3.69625382e-02,\n",
              "        2.40025073e-02, -8.94537344e-03, -2.56033245e-02,  2.96875003e-02,\n",
              "        1.52983078e-04, -3.44701298e-02, -4.99483427e-02,  3.30667234e-02,\n",
              "        3.72462611e-02,  1.14273518e-02,  3.67889210e-03, -3.64328371e-02,\n",
              "       -1.73823225e-02, -3.55313864e-02,  4.01151519e-03, -8.48642248e-03,\n",
              "        2.57246654e-02, -9.45999589e-03, -1.22328353e-02, -4.27570610e-02,\n",
              "        8.73683684e-03, -1.86306736e-02,  3.47139519e-02, -4.72378555e-02,\n",
              "        6.83410322e-03, -3.46709748e-02,  1.61652765e-02, -1.75695952e-02,\n",
              "       -3.57307845e-02, -1.12243514e-02, -4.35853283e-04,  2.53651044e-02,\n",
              "        1.76337340e-04, -2.23408141e-02,  1.90796343e-02,  7.54756037e-03,\n",
              "       -6.58189685e-03,  3.57774299e-03, -5.40304523e-02,  3.41587890e-03,\n",
              "        2.31578394e-02,  2.28609434e-02,  1.36224432e-02, -3.04393462e-02,\n",
              "        3.11416917e-02, -1.13605347e-02,  4.82939948e-02,  2.71697797e-03,\n",
              "        1.14343316e-02, -1.77919528e-02,  1.60539870e-02, -4.03849177e-02,\n",
              "       -2.81879503e-04,  3.04866725e-02,  3.01188342e-02,  1.64881087e-02,\n",
              "        5.85579826e-03, -5.82946559e-02,  3.63936593e-02, -1.79164511e-02,\n",
              "        5.39543907e-02, -8.73795876e-03, -1.15842817e-02,  6.33430025e-04,\n",
              "        2.98884968e-02, -7.32320512e-03, -2.53349135e-03, -2.30077446e-02,\n",
              "       -3.88933705e-02,  1.70663693e-02,  1.22125367e-02, -2.48803176e-03,\n",
              "       -1.75204817e-04,  1.57815550e-05])"
            ]
          },
          "metadata": {},
          "execution_count": 18
        }
      ]
    },
    {
      "cell_type": "code",
      "source": [
        "pipe.score(X, y)"
      ],
      "metadata": {
        "colab": {
          "base_uri": "https://localhost:8080/"
        },
        "id": "ZTQXm9uTK9Hq",
        "outputId": "0544d4d2-0eb6-464c-8bf6-dc72d8885738"
      },
      "execution_count": 19,
      "outputs": [
        {
          "output_type": "execute_result",
          "data": {
            "text/plain": [
              "-3.90271854560383"
            ]
          },
          "metadata": {},
          "execution_count": 19
        }
      ]
    },
    {
      "cell_type": "code",
      "source": [
        "\n",
        "from sklearn.base import ClassifierMixin\n",
        "\n",
        "\n",
        "class MyOwnClassifier(BaseEstimator, ClassifierMixin):\n",
        "     def fit(self, X, y):\n",
        "         self.classes_ = np.unique(y)\n",
        "         return self\n",
        "     def predict(self, X):\n",
        "         return np.random.randint(0, self.classes_.size,\n",
        "                                  size=X.shape[0])\n",
        "     def predict_proba(self, X):\n",
        "         pred = np.random.rand(X.shape[0], self.classes_.size)\n",
        "         return pred / np.sum(pred, axis=1)[:, np.newaxis]"
      ],
      "metadata": {
        "id": "0a_RZtqTK9L9"
      },
      "execution_count": 20,
      "outputs": []
    },
    {
      "cell_type": "code",
      "source": [
        "X, y = load_iris(return_X_y=True)\n",
        "pipe = make_pipeline(MyOwnTransformer(), MyOwnClassifier())\n",
        "pipe.fit(X, y)\n",
        "pipe.predict(X)  "
      ],
      "metadata": {
        "colab": {
          "base_uri": "https://localhost:8080/"
        },
        "id": "lIpd6iOfLx2d",
        "outputId": "d889072f-42b0-49ee-cb7a-69a42831a0bf"
      },
      "execution_count": 21,
      "outputs": [
        {
          "output_type": "execute_result",
          "data": {
            "text/plain": [
              "array([1, 2, 1, 2, 1, 0, 1, 2, 1, 1, 1, 0, 2, 0, 0, 1, 1, 2, 2, 2, 1, 2,\n",
              "       0, 0, 2, 1, 0, 2, 2, 0, 1, 1, 0, 0, 2, 0, 1, 0, 0, 0, 1, 2, 0, 0,\n",
              "       2, 0, 2, 0, 0, 0, 2, 0, 2, 0, 1, 0, 0, 2, 0, 0, 1, 2, 2, 2, 1, 1,\n",
              "       2, 0, 0, 2, 1, 2, 1, 0, 2, 1, 2, 2, 0, 1, 2, 0, 2, 1, 1, 0, 2, 0,\n",
              "       2, 1, 1, 0, 2, 1, 1, 1, 2, 0, 1, 2, 1, 2, 0, 0, 1, 2, 0, 0, 1, 2,\n",
              "       1, 0, 2, 1, 0, 0, 0, 0, 1, 2, 0, 2, 1, 1, 1, 0, 2, 2, 0, 2, 0, 1,\n",
              "       1, 1, 0, 0, 2, 1, 1, 1, 2, 2, 0, 0, 2, 0, 0, 2, 1, 1])"
            ]
          },
          "metadata": {},
          "execution_count": 21
        }
      ]
    },
    {
      "cell_type": "code",
      "source": [
        "pipe.predict_proba(X)  \n",
        "\n",
        "\n"
      ],
      "metadata": {
        "colab": {
          "base_uri": "https://localhost:8080/"
        },
        "id": "4DZUiV8EMEDa",
        "outputId": "67129af0-9785-410f-c807-19c8fd32121b"
      },
      "execution_count": 23,
      "outputs": [
        {
          "output_type": "execute_result",
          "data": {
            "text/plain": [
              "array([[0.25504896, 0.50929901, 0.23565203],\n",
              "       [0.16610066, 0.12378899, 0.71011034],\n",
              "       [0.44641436, 0.30312746, 0.25045818],\n",
              "       [0.36208834, 0.3323963 , 0.30551536],\n",
              "       [0.45953827, 0.2236072 , 0.31685453],\n",
              "       [0.4937999 , 0.10710857, 0.39909153],\n",
              "       [0.30793782, 0.33958886, 0.35247332],\n",
              "       [0.25734958, 0.6261849 , 0.11646552],\n",
              "       [0.45032904, 0.13706814, 0.41260282],\n",
              "       [0.10349343, 0.8726336 , 0.02387297],\n",
              "       [0.33382898, 0.4304845 , 0.23568652],\n",
              "       [0.00191718, 0.48323608, 0.51484674],\n",
              "       [0.14456454, 0.37746283, 0.47797263],\n",
              "       [0.34373421, 0.34390917, 0.31235662],\n",
              "       [0.58198562, 0.14553435, 0.27248003],\n",
              "       [0.3792949 , 0.3122903 , 0.3084148 ],\n",
              "       [0.50897388, 0.37012965, 0.12089647],\n",
              "       [0.41423557, 0.28296817, 0.30279626],\n",
              "       [0.50494587, 0.30899728, 0.18605685],\n",
              "       [0.01882457, 0.14061339, 0.84056203],\n",
              "       [0.0365137 , 0.11936275, 0.84412354],\n",
              "       [0.12389522, 0.6741223 , 0.20198248],\n",
              "       [0.29051419, 0.40197484, 0.30751097],\n",
              "       [0.44843786, 0.07793062, 0.47363152],\n",
              "       [0.40478626, 0.16202954, 0.4331842 ],\n",
              "       [0.10526438, 0.72040669, 0.17432894],\n",
              "       [0.44241112, 0.1180553 , 0.43953358],\n",
              "       [0.30083337, 0.36346863, 0.33569799],\n",
              "       [0.34568795, 0.36543397, 0.28887808],\n",
              "       [0.42384568, 0.26975579, 0.30639853],\n",
              "       [0.32199706, 0.3185309 , 0.35947204],\n",
              "       [0.29317509, 0.55300486, 0.15382004],\n",
              "       [0.16662272, 0.37615659, 0.4572207 ],\n",
              "       [0.43637932, 0.09981701, 0.46380367],\n",
              "       [0.01247052, 0.5884767 , 0.39905278],\n",
              "       [0.37506799, 0.24612717, 0.37880483],\n",
              "       [0.14949612, 0.41298092, 0.43752296],\n",
              "       [0.22270954, 0.29887627, 0.47841419],\n",
              "       [0.5633648 , 0.3560351 , 0.08060011],\n",
              "       [0.4483095 , 0.44656462, 0.10512588],\n",
              "       [0.758009  , 0.21851704, 0.02347397],\n",
              "       [0.27514183, 0.28077649, 0.44408168],\n",
              "       [0.30471518, 0.62608328, 0.06920154],\n",
              "       [0.27981235, 0.44749587, 0.27269178],\n",
              "       [0.37308403, 0.59227592, 0.03464005],\n",
              "       [0.80910139, 0.00755992, 0.18333869],\n",
              "       [0.34615344, 0.30828772, 0.34555883],\n",
              "       [0.45879315, 0.32196618, 0.21924067],\n",
              "       [0.30766389, 0.64303433, 0.04930179],\n",
              "       [0.44761758, 0.18266486, 0.36971756],\n",
              "       [0.31909648, 0.67301795, 0.00788557],\n",
              "       [0.28224858, 0.3752282 , 0.34252322],\n",
              "       [0.34820498, 0.43267371, 0.2191213 ],\n",
              "       [0.38595087, 0.51751631, 0.09653282],\n",
              "       [0.40942325, 0.42203328, 0.16854347],\n",
              "       [0.18609536, 0.06876869, 0.74513595],\n",
              "       [0.39840044, 0.06717702, 0.53442254],\n",
              "       [0.24951828, 0.30446354, 0.44601818],\n",
              "       [0.27873217, 0.66098965, 0.06027819],\n",
              "       [0.44377953, 0.18081699, 0.37540348],\n",
              "       [0.48712565, 0.46247431, 0.05040004],\n",
              "       [0.17707044, 0.18103722, 0.64189233],\n",
              "       [0.11283531, 0.57075819, 0.3164065 ],\n",
              "       [0.33479291, 0.14636531, 0.51884177],\n",
              "       [0.54676474, 0.05130128, 0.40193398],\n",
              "       [0.32384881, 0.37796436, 0.29818683],\n",
              "       [0.35492266, 0.26765256, 0.37742477],\n",
              "       [0.60933222, 0.18856486, 0.20210292],\n",
              "       [0.14191427, 0.84598602, 0.01209971],\n",
              "       [0.61680182, 0.30368768, 0.0795105 ],\n",
              "       [0.28561075, 0.60607869, 0.10831056],\n",
              "       [0.45942422, 0.06444881, 0.47612697],\n",
              "       [0.28915167, 0.29487442, 0.41597391],\n",
              "       [0.18166042, 0.50639893, 0.31194065],\n",
              "       [0.45825111, 0.50469702, 0.03705187],\n",
              "       [0.59579629, 0.0936628 , 0.31054091],\n",
              "       [0.02483653, 0.59930772, 0.37585575],\n",
              "       [0.32759327, 0.34573766, 0.32666907],\n",
              "       [0.484447  , 0.42171259, 0.09384041],\n",
              "       [0.37843153, 0.14792833, 0.47364014],\n",
              "       [0.3643608 , 0.49836351, 0.13727569],\n",
              "       [0.39242105, 0.25205661, 0.35552234],\n",
              "       [0.41373312, 0.26615042, 0.32011646],\n",
              "       [0.34693757, 0.27872882, 0.37433361],\n",
              "       [0.47846304, 0.09124141, 0.43029555],\n",
              "       [0.26370018, 0.58790139, 0.14839843],\n",
              "       [0.0820025 , 0.67226391, 0.24573359],\n",
              "       [0.50553476, 0.20056459, 0.29390066],\n",
              "       [0.73345064, 0.06710605, 0.19944331],\n",
              "       [0.4228139 , 0.31890744, 0.25827866],\n",
              "       [0.4619255 , 0.32511238, 0.21296212],\n",
              "       [0.23809561, 0.33930287, 0.42260152],\n",
              "       [0.6260781 , 0.14548788, 0.22843402],\n",
              "       [0.24123024, 0.41711029, 0.34165947],\n",
              "       [0.76393011, 0.11717772, 0.11889217],\n",
              "       [0.30331809, 0.36793252, 0.32874939],\n",
              "       [0.01559549, 0.16376371, 0.8206408 ],\n",
              "       [0.47096539, 0.4223861 , 0.1066485 ],\n",
              "       [0.50528754, 0.42921952, 0.06549295],\n",
              "       [0.15806077, 0.6901697 , 0.15176954],\n",
              "       [0.87319752, 0.05530931, 0.07149316],\n",
              "       [0.1493042 , 0.80022229, 0.05047351],\n",
              "       [0.64769527, 0.20514629, 0.14715844],\n",
              "       [0.08814533, 0.65304644, 0.25880823],\n",
              "       [0.35625291, 0.43450413, 0.20924296],\n",
              "       [0.11713349, 0.6476553 , 0.23521121],\n",
              "       [0.84913703, 0.13062453, 0.02023844],\n",
              "       [0.28768821, 0.65290837, 0.05940342],\n",
              "       [0.15566762, 0.79869589, 0.0456365 ],\n",
              "       [0.5698251 , 0.2489647 , 0.1812102 ],\n",
              "       [0.29476659, 0.30442735, 0.40080606],\n",
              "       [0.32131778, 0.25416926, 0.42451296],\n",
              "       [0.16437331, 0.53809305, 0.29753364],\n",
              "       [0.33798481, 0.18309075, 0.47892444],\n",
              "       [0.29065652, 0.38401182, 0.32533165],\n",
              "       [0.31901731, 0.33727722, 0.34370547],\n",
              "       [0.32341511, 0.56300577, 0.11357912],\n",
              "       [0.40881487, 0.44152275, 0.14966238],\n",
              "       [0.00087369, 0.75725795, 0.24186837],\n",
              "       [0.67551357, 0.11176458, 0.21272185],\n",
              "       [0.27362956, 0.13960334, 0.58676711],\n",
              "       [0.67544389, 0.10822526, 0.21633085],\n",
              "       [0.30023982, 0.13500861, 0.56475157],\n",
              "       [0.3655954 , 0.40633743, 0.22806717],\n",
              "       [0.0834438 , 0.58734869, 0.32920751],\n",
              "       [0.40501218, 0.4243643 , 0.17062352],\n",
              "       [0.43286955, 0.43211474, 0.13501571],\n",
              "       [0.38023308, 0.23158583, 0.38818109],\n",
              "       [0.27038031, 0.29517727, 0.43444242],\n",
              "       [0.34152891, 0.28049843, 0.37797267],\n",
              "       [0.08303571, 0.54349655, 0.37346774],\n",
              "       [0.25333085, 0.34698322, 0.39968593],\n",
              "       [0.3056088 , 0.31209276, 0.38229844],\n",
              "       [0.17821957, 0.8106806 , 0.01109982],\n",
              "       [0.24008436, 0.6020916 , 0.15782403],\n",
              "       [0.45432304, 0.16621959, 0.37945738],\n",
              "       [0.37658025, 0.45794928, 0.16547047],\n",
              "       [0.00558466, 0.56707106, 0.42734429],\n",
              "       [0.36874573, 0.13267539, 0.49857887],\n",
              "       [0.85174229, 0.0117211 , 0.13653661],\n",
              "       [0.34939887, 0.26440172, 0.38619941],\n",
              "       [0.11835692, 0.69451496, 0.18712812],\n",
              "       [0.05789823, 0.49805458, 0.44404719],\n",
              "       [0.37299268, 0.27276575, 0.35424157],\n",
              "       [0.37906149, 0.40171105, 0.21922746],\n",
              "       [0.03264133, 0.61680444, 0.35055424],\n",
              "       [0.84265339, 0.07460436, 0.08274225],\n",
              "       [0.6808892 , 0.06710076, 0.25201004],\n",
              "       [0.14187615, 0.56271909, 0.29540476],\n",
              "       [0.43877487, 0.17688362, 0.3843415 ]])"
            ]
          },
          "metadata": {},
          "execution_count": 23
        }
      ]
    },
    {
      "cell_type": "code",
      "source": [
        "pipe.score(X, y)  "
      ],
      "metadata": {
        "colab": {
          "base_uri": "https://localhost:8080/"
        },
        "id": "1-dPvadkMPN1",
        "outputId": "99f0c6a9-6251-490f-d947-86ae42be697e"
      },
      "execution_count": 24,
      "outputs": [
        {
          "output_type": "execute_result",
          "data": {
            "text/plain": [
              "0.31333333333333335"
            ]
          },
          "metadata": {},
          "execution_count": 24
        }
      ]
    },
    {
      "cell_type": "code",
      "source": [],
      "metadata": {
        "id": "09c2kzJHMRf6"
      },
      "execution_count": null,
      "outputs": []
    }
  ]
}